# Guide Star Catalog
# Camera 1
# Sector 2
# centroid_row	centroid_column	brightness_min	brightness_max	row_err	column_err	flag	RA	Dec	TICID
2403.619878	2270.997172	65121.000000	71976.000000	1.000000	1.000000	0	196.229378	-22.572807
2603.950432	2247.895638	37959.000000	41955.000000	1.000000	1.000000	0	196.587832	-21.438162
2363.566313	2319.736679	81381.000000	89947.000000	1.000000	1.000000	0	196.415957	-22.901369
2154.422747	2431.890784	74220.000000	82033.000000	1.000000	1.000000	0	196.557222	-24.290995
2240.086459	2355.594630	37855.000000	41839.000000	1.000000	1.000000	0	196.319619	-23.652157
2283.563887	2551.528687	84047.000000	92894.000000	1.000000	1.000000	0	197.586727	-23.861120
2315.096446	2211.790888	45553.000000	50348.000000	1.000000	1.000000	0	195.660901	-22.914413
2386.125316	2494.787403	55734.000000	61601.000000	1.000000	1.000000	0	197.501698	-23.176903
2277.337748	2285.420967	58361.000000	64504.000000	1.000000	1.000000	0	195.998932	-23.288971
2275.701146	2561.403432	85138.000000	94099.000000	1.000000	1.000000	0	197.626018	-23.925966
2915.989600	2239.658085	55785.000000	61657.000000	1.000000	1.000000	0	197.290904	-19.741982
3151.793720	2425.924680	38772.000000	42853.000000	1.000000	1.000000	0	198.902160	-18.896252
3378.127039	2324.302639	46229.000000	51096.000000	1.000000	1.000000	0	198.836426	-17.471357
2978.095338	2393.564781	68253.000000	75437.000000	1.000000	1.000000	0	198.319231	-19.753759
2715.158242	2456.631147	46017.000000	50861.000000	1.000000	1.000000	0	198.067940	-21.309637
3321.304497	2315.287055	39311.000000	43449.000000	1.000000	1.000000	0	198.658054	-17.751802
3523.931486	2386.062747	52835.000000	58396.000000	1.000000	1.000000	0	199.505364	-16.838829
4035.504610	2192.236390	53817.000000	59482.000000	1.000000	1.000000	0	199.534443	-13.778056
2189.949445	2708.520736	49627.000000	54851.000000	1.000000	1.000000	0	198.291611	-24.719275
2307.769790	2754.579899	40787.000000	45080.000000	1.000000	1.000000	0	198.849556	-24.179579
2983.441481	2290.983350	61677.000000	68169.000000	1.000000	1.000000	0	197.743828	-19.496180
2547.986690	2191.271262	48721.000000	53850.000000	1.000000	1.000000	0	196.121402	-21.610041
2366.075124	2287.018248	53324.000000	58937.000000	1.000000	1.000000	0	196.230026	-22.812658
2653.798055	2719.156026	53867.000000	59537.000000	1.000000	1.000000	0	199.454311	-22.221495
2960.495234	2488.368902	44027.000000	48661.000000	1.000000	1.000000	0	198.823106	-20.058310
2566.619759	2305.132161	47612.000000	52624.000000	1.000000	1.000000	0	196.829796	-21.770170
2275.248134	2393.358313	43583.000000	48171.000000	1.000000	1.000000	0	196.630416	-23.548136
2392.380035	2832.661831	77718.000000	85899.000000	1.000000	1.000000	0	199.512736	-23.888987
2593.132994	2807.472712	40005.000000	44217.000000	1.000000	1.000000	0	199.831265	-22.742592
3754.274182	2353.769629	72664.000000	80313.000000	1.000000	1.000000	0	199.823572	-15.567432
3454.565403	2314.061519	57348.000000	63385.000000	1.000000	1.000000	0	198.949288	-17.046141
2587.279558	2622.519837	43025.000000	47554.000000	1.000000	1.000000	0	198.733830	-22.370306
2824.151624	2528.421369	55631.000000	61487.000000	1.000000	1.000000	0	198.739480	-20.880871
2486.696582	2950.951826	66638.000000	73652.000000	1.000000	1.000000	0	200.430200	-23.629299
2463.052035	2848.890108	82970.000000	91704.000000	1.000000	1.000000	0	199.773756	-23.539387
2542.264706	2594.716331	44845.000000	49566.000000	1.000000	1.000000	0	198.464536	-22.552986
2832.050678	2306.702751	37924.000000	41916.000000	1.000000	1.000000	0	197.477281	-20.343445
2831.358154	2567.765943	79163.000000	87496.000000	1.000000	1.000000	0	198.983884	-20.928820
4002.697755	2469.227769	64050.000000	70792.000000	1.000000	1.000000	0	200.977793	-14.535801
2842.193351	2880.160663	52254.000000	57754.000000	1.000000	1.000000	0	200.818457	-21.547754
3786.826336	2376.962785	80190.000000	88631.000000	1.000000	1.000000	0	200.021089	-15.448852
3415.130293	2283.122541	46400.000000	51284.000000	1.000000	1.000000	0	198.687763	-17.185787
3169.340062	2732.286529	42317.000000	46772.000000	1.000000	1.000000	0	200.687759	-19.469168
3514.005279	2328.153467	57348.000000	63385.000000	1.000000	1.000000	0	199.159683	-16.764738
2263.679932	2569.601160	58361.000000	64504.000000	1.000000	1.000000	0	197.645225	-24.009626
2131.639716	2919.761497	53422.000000	59045.000000	1.000000	1.000000	0	199.413498	-25.496464
3018.561152	2352.383875	43825.000000	48438.000000	1.000000	1.000000	0	198.177036	-19.445353
3129.171737	2418.608258	38772.000000	42853.000000	1.000000	1.000000	0	198.809135	-19.000856
2179.084498	3058.126107	68002.000000	75160.000000	1.000000	1.000000	0	200.353802	-25.532068
3640.250872	2460.371762	72597.000000	80239.000000	1.000000	1.000000	0	200.171407	-16.390581
2686.916511	2417.310015	77076.000000	85190.000000	1.000000	1.000000	0	197.772453	-21.374109
2626.710148	2667.441558	49354.000000	54549.000000	1.000000	1.000000	0	199.089090	-22.255304
2285.194373	2474.790830	63171.000000	69821.000000	1.000000	1.000000	0	197.136417	-23.679340
2938.056614	2801.590539	70230.000000	77622.000000	1.000000	1.000000	0	200.576865	-20.861483
3891.192995	2298.279671	44271.000000	48931.000000	1.000000	1.000000	0	199.809122	-14.741845
2817.939969	2243.194903	55325.000000	61148.000000	1.000000	1.000000	0	197.077795	-20.275845
2172.000947	2955.491591	63346.000000	70014.000000	1.000000	1.000000	0	199.723416	-25.353189
3544.913728	2579.000328	48141.000000	53209.000000	1.000000	1.000000	0	200.630307	-17.145636
2423.471138	2496.045727	77147.000000	85268.000000	1.000000	1.000000	0	197.599860	-22.977154
3362.059155	2664.466977	55121.000000	60924.000000	1.000000	1.000000	0	200.719851	-18.295712
2185.907805	157.900153	68253.000000	75437.000000	1.000000	1.000000	0	183.921725	-18.539143
2134.673740	189.255296	38311.000000	42343.000000	1.000000	1.000000	0	183.939486	-18.877468
2243.550671	492.762433	46187.000000	51049.000000	1.000000	1.000000	0	185.825624	-19.089279
2617.090051	470.822998	59885.000000	66189.000000	1.000000	1.000000	0	186.734531	-17.122852
2411.760281	351.498526	45637.000000	50441.000000	1.000000	1.000000	0	185.548566	-17.876871
2752.535056	216.851446	52786.000000	58343.000000	1.000000	1.000000	0	185.784999	-15.823418
2350.224185	509.745320	73202.000000	80907.000000	1.000000	1.000000	0	186.209901	-18.584677
2600.308606	432.650796	38951.000000	43051.000000	1.000000	1.000000	0	186.488754	-17.115488
2824.168600	344.450218	67254.000000	74334.000000	1.000000	1.000000	0	186.635980	-15.766582
2851.525347	363.482359	38275.000000	42304.000000	1.000000	1.000000	0	186.808230	-15.673608
2201.184101	588.966297	73879.000000	81656.000000	1.000000	1.000000	0	186.219446	-19.549520
2450.092226	120.316653	74288.000000	82108.000000	1.000000	1.000000	0	184.463330	-17.112570
2988.532034	307.028539	88740.000000	98081.000000	1.000000	1.000000	0	186.884108	-14.850328
2194.299435	878.012489	85609.000000	94621.000000	1.000000	1.000000	0	187.762119	-20.314281
3062.519918	227.702797	40005.000000	44217.000000	1.000000	1.000000	0	186.675296	-14.295424
2208.356513	271.417115	43543.000000	48127.000000	1.000000	1.000000	0	184.569110	-18.711443
2409.803745	137.038588	72064.000000	79650.000000	1.000000	1.000000	0	184.437220	-17.356730
2625.490658	306.482005	58792.000000	64981.000000	1.000000	1.000000	0	185.900673	-16.680754
2183.693350	415.188626	39712.000000	43892.000000	1.000000	1.000000	0	185.250627	-19.200069
2264.367803	203.640524	90807.000000	100366.000000	1.000000	1.000000	0	184.375097	-18.257139
2175.633693	278.085582	60439.000000	66801.000000	1.000000	1.000000	0	184.512499	-18.894518
3046.892382	230.029181	38701.000000	42774.000000	1.000000	1.000000	0	186.645435	-14.378790
2614.431213	257.052032	63463.000000	70143.000000	1.000000	1.000000	0	185.615275	-16.616852
2151.992310	615.708828	81156.000000	89699.000000	1.000000	1.000000	0	186.226107	-19.870613
2117.364334	624.404521	86561.000000	95672.000000	1.000000	1.000000	0	186.176598	-20.071203
2469.045950	332.222660	62997.000000	69628.000000	1.000000	1.000000	0	185.605855	-17.537781
3004.813748	521.483601	61904.000000	68420.000000	1.000000	1.000000	0	188.040828	-15.271258
2547.614616	659.946728	48319.000000	53405.000000	1.000000	1.000000	0	187.547628	-17.941298
2510.816520	804.364281	43343.000000	47905.000000	1.000000	1.000000	0	188.223993	-18.486038
2829.364898	246.808041	57613.000000	63677.000000	1.000000	1.000000	0	186.146750	-15.508236
3268.239354	355.682062	67752.000000	74884.000000	1.000000	1.000000	0	187.875296	-13.564173
2396.861717	1000.323508	44887.000000	49612.000000	1.000000	1.000000	0	188.984349	-19.562490
3262.174141	498.689814	40937.000000	45246.000000	1.000000	1.000000	0	188.598580	-13.921175
3158.818954	590.318020	55580.000000	61431.000000	1.000000	1.000000	0	188.807146	-14.652613
2466.489994	323.359037	56250.000000	62171.000000	1.000000	1.000000	0	185.552784	-17.528946
2339.519853	916.248346	40637.000000	44914.000000	1.000000	1.000000	0	188.367984	-19.653290
2430.292156	505.657609	74288.000000	82108.000000	1.000000	1.000000	0	186.408229	-18.163967
2401.256274	781.117977	49036.000000	54198.000000	1.000000	1.000000	0	187.801147	-18.996595
2810.487105	747.507447	40487.000000	44749.000000	1.000000	1.000000	0	188.721497	-16.800259
2904.068031	449.043421	41583.000000	45960.000000	1.000000	1.000000	0	187.394037	-15.610753
2578.842305	581.359445	39675.000000	43851.000000	1.000000	1.000000	0	187.214056	-17.588308
2864.264283	756.253451	92071.000000	101762.000000	1.000000	1.000000	0	188.910941	-16.544733
2126.121292	904.546740	58792.000000	64981.000000	1.000000	1.000000	0	187.719970	-20.736429
2429.739653	986.840516	37994.000000	41994.000000	1.000000	1.000000	0	188.999010	-19.357393
2573.863559	1018.598311	64702.000000	71513.000000	1.000000	1.000000	0	189.559747	-18.682657
3129.196591	263.360073	40190.000000	44421.000000	1.000000	1.000000	0	187.034969	-14.045304
3570.564216	624.828793	60999.000000	67420.000000	1.000000	1.000000	0	190.048293	-12.667673
2838.697278	874.103363	46187.000000	51049.000000	1.000000	1.000000	0	189.476366	-16.958027
3211.354245	763.620609	48053.000000	53111.000000	1.000000	1.000000	0	189.858220	-14.788042
2663.271719	581.799649	38064.000000	42071.000000	1.000000	1.000000	0	187.444880	-17.156387
2526.955411	782.806298	57666.000000	63736.000000	1.000000	1.000000	0	188.151194	-18.349470
3183.929601	468.937872	49217.000000	54398.000000	1.000000	1.000000	0	188.239202	-14.245325
2619.091575	1179.334968	63346.000000	70014.000000	1.000000	1.000000	0	190.565309	-18.836626
3112.454101	505.885700	38523.000000	42578.000000	1.000000	1.000000	0	188.243642	-14.690624
2310.478387	1406.596119	42552.000000	47031.000000	1.000000	1.000000	0	191.019177	-21.018965
2596.951965	854.602933	56094.000000	61999.000000	1.000000	1.000000	0	188.727763	-18.162436
2867.483357	981.672662	86481.000000	95584.000000	1.000000	1.000000	0	190.134332	-17.065987
3057.272402	696.129252	69011.000000	76276.000000	1.000000	1.000000	0	189.099294	-15.414778
2741.950057	849.882123	40116.000000	44339.000000	1.000000	1.000000	0	189.089455	-17.399921
2153.271452	1222.717792	39275.000000	43409.000000	1.000000	1.000000	0	189.559990	-21.394482
450.356695	870.865631	38417.000000	42460.000000	1.000000	1.000000	0	182.580855	-29.419504
609.126491	734.828978	38452.000000	42500.000000	1.000000	1.000000	0	182.301014	-28.255962
238.595342	1050.799105	43263.000000	47817.000000	1.000000	1.000000	0	182.959437	-30.958887
1217.235162	446.899605	70814.000000	78268.000000	1.000000	1.000000	0	182.530832	-24.426376
1468.390438	123.898929	41240.000000	45581.000000	1.000000	1.000000	0	181.574646	-22.291090
1163.425479	235.812156	54818.000000	60588.000000	1.000000	1.000000	0	181.268032	-24.115774
1356.254123	217.185864	90307.000000	99813.000000	1.000000	1.000000	0	181.730657	-23.103453
674.768677	598.859862	57507.000000	63560.000000	1.000000	1.000000	0	181.756431	-27.548923
1559.312555	62.334932	77361.000000	85504.000000	1.000000	1.000000	0	181.522510	-21.672222
1507.101320	200.655217	38951.000000	43051.000000	1.000000	1.000000	0	182.080570	-22.303295
1362.915999	205.700326	57401.000000	63443.000000	1.000000	1.000000	0	181.690580	-23.039000
1429.697051	105.040146	48009.000000	53062.000000	1.000000	1.000000	0	181.366730	-22.433453
1310.092874	333.927113	56301.000000	62228.000000	1.000000	1.000000	0	182.204624	-23.651876
713.944384	670.788238	56250.000000	62171.000000	1.000000	1.000000	0	182.260891	-27.558466
849.997538	834.807339	80264.000000	88713.000000	1.000000	1.000000	0	183.559763	-27.339304
311.915075	1193.575953	54365.000000	60088.000000	1.000000	1.000000	0	183.990422	-31.003239
684.623910	614.897051	87281.000000	96469.000000	1.000000	1.000000	0	181.871927	-27.545696
367.321050	874.275169	45763.000000	50581.000000	1.000000	1.000000	0	182.353596	-29.834150
1898.366000	198.551360	48364.000000	53455.000000	1.000000	1.000000	0	183.189230	-20.327312
1668.541854	255.676821	51442.000000	56857.000000	1.000000	1.000000	0	182.829109	-21.637407
482.605654	919.031005	67503.000000	74608.000000	1.000000	1.000000	0	182.944273	-29.397383
1462.670387	219.592123	79748.000000	88143.000000	1.000000	1.000000	0	182.050390	-22.577030
608.749004	981.768764	38452.000000	42500.000000	1.000000	1.000000	0	183.668343	-28.950607
828.564531	793.791546	48141.000000	53209.000000	1.000000	1.000000	0	183.270601	-27.332693
629.602579	803.249899	78077.000000	86295.000000	1.000000	1.000000	0	182.737026	-28.347668
794.683080	478.055543	53767.000000	59427.000000	1.000000	1.000000	0	181.462324	-26.617447
1508.564661	186.767249	77575.000000	85741.000000	1.000000	1.000000	0	182.013160	-22.258734
1053.585110	655.249765	58630.000000	64802.000000	1.000000	1.000000	0	183.172117	-25.821196
1513.254900	404.250280	48319.000000	53405.000000	1.000000	1.000000	0	183.161060	-22.817905
925.829515	414.286118	58792.000000	64981.000000	1.000000	1.000000	0	181.508629	-25.790264
1620.123325	447.818050	52158.000000	57648.000000	1.000000	1.000000	0	183.698367	-22.392048
1724.669690	321.971001	47306.000000	52286.000000	1.000000	1.000000	0	183.335105	-21.528624
981.994048	572.933404	49581.000000	54801.000000	1.000000	1.000000	0	182.518418	-25.952511
1042.677185	650.390734	73811.000000	81581.000000	1.000000	1.000000	0	183.113935	-25.862635
902.005643	519.853061	79822.000000	88224.000000	1.000000	1.000000	0	181.999771	-26.203327
1991.143125	296.241007	46571.000000	51474.000000	1.000000	1.000000	0	183.958465	-20.110052
1099.234051	750.176170	78077.000000	86295.000000	1.000000	1.000000	0	183.822601	-25.851749
960.833700	756.012048	54969.000000	60756.000000	1.000000	1.000000	0	183.450661	-26.565319
276.862318	1048.071785	57401.000000	63443.000000	1.000000	1.000000	0	183.057899	-30.765734
886.301996	891.268678	44681.000000	49384.000000	1.000000	1.000000	0	183.979183	-27.313215
1855.559152	99.906229	46102.000000	50955.000000	1.000000	1.000000	0	182.561479	-20.286829
938.399015	864.517142	39095.000000	43210.000000	1.000000	1.000000	0	183.983195	-26.977354
1656.188128	356.235373	51442.000000	56857.000000	1.000000	1.000000	0	183.318687	-21.966114
1482.437257	235.649011	83123.000000	91873.000000	1.000000	1.000000	0	182.190495	-22.520990
421.452866	804.840114	92837.000000	102609.000000	1.000000	1.000000	0	182.130302	-29.373419
1084.380241	725.959878	65361.000000	72241.000000	1.000000	1.000000	0	183.646866	-25.860418
1024.015928	355.668594	50318.000000	55614.000000	1.000000	1.000000	0	181.486877	-25.139931
1151.803923	804.444390	67814.000000	74953.000000	1.000000	1.000000	0	184.273483	-25.733643
395.311398	1309.373365	52062.000000	57542.000000	1.000000	1.000000	0	184.905789	-30.914682
949.655828	908.771192	77290.000000	85425.000000	1.000000	1.000000	0	184.261937	-27.042265
888.480090	773.489832	61224.000000	67668.000000	1.000000	1.000000	0	183.334725	-26.976625
1215.749812	303.071912	59775.000000	66067.000000	1.000000	1.000000	0	181.769672	-24.039837
1577.614025	521.482296	50271.000000	55563.000000	1.000000	1.000000	0	183.968370	-22.804195
1553.442429	711.333192	46272.000000	51143.000000	1.000000	1.000000	0	184.922480	-23.432787
1020.436119	769.265955	54265.000000	59977.000000	1.000000	1.000000	0	183.697526	-26.301903
1053.946085	796.639004	67939.000000	75091.000000	1.000000	1.000000	0	183.945726	-26.207937
644.957740	1055.353924	37924.000000	41916.000000	1.000000	1.000000	0	184.189723	-28.975067
591.691438	604.424416	38275.000000	42304.000000	1.000000	1.000000	0	181.541653	-27.972427
540.794654	1130.605304	54818.000000	60588.000000	1.000000	1.000000	0	184.309234	-29.701349
903.767757	386.143583	83815.000000	92638.000000	1.000000	1.000000	0	181.295727	-25.820740
38.731124	2213.583767	43905.000000	48527.000000	1.000000	1.000000	0	189.287671	-35.049702
252.533856	2245.523106	48097.000000	53160.000000	1.000000	1.000000	0	190.113670	-34.078045
116.780148	2332.407388	67752.000000	74884.000000	1.000000	1.000000	0	190.259972	-34.964100
215.392702	2201.376622	74425.000000	82260.000000	1.000000	1.000000	0	189.730631	-34.151707
694.215639	2261.650263	70749.000000	78196.000000	1.000000	1.000000	0	191.486420	-31.887024
386.539526	2414.047518	42630.000000	47118.000000	1.000000	1.000000	0	191.554901	-33.821968
278.610008	2191.851731	84202.000000	93065.000000	1.000000	1.000000	0	189.856254	-33.814255
98.922957	2255.970580	67007.000000	74060.000000	1.000000	1.000000	0	189.729224	-34.861950
254.636735	2509.388410	39675.000000	43851.000000	1.000000	1.000000	0	191.774993	-34.711536
562.021700	2380.645442	39348.000000	43489.000000	1.000000	1.000000	0	191.848555	-32.852791
643.614194	2357.474180	52350.000000	57861.000000	1.000000	1.000000	0	191.936457	-32.379997
716.225326	2309.902105	44475.000000	49157.000000	1.000000	1.000000	0	191.847323	-31.891912
502.349968	2365.924252	39566.000000	43730.000000	1.000000	1.000000	0	191.586263	-33.120373
491.593392	2328.357036	40674.000000	44956.000000	1.000000	1.000000	0	191.321278	-33.083351
241.503240	2194.252553	51918.000000	57383.000000	1.000000	1.000000	0	189.762765	-34.004513
160.960812	2603.204058	51112.000000	56492.000000	1.000000	1.000000	0	192.099277	-35.399071
603.349266	2431.319092	43583.000000	48171.000000	1.000000	1.000000	0	192.282280	-32.763973
611.840292	2299.853515	50086.000000	55359.000000	1.000000	1.000000	0	191.488232	-32.402191
904.724089	2230.343761	74357.000000	82184.000000	1.000000	1.000000	0	191.888930	-30.723600
150.585490	2404.605177	86880.000000	96026.000000	1.000000	1.000000	0	190.812392	-34.974686
199.715017	2218.367394	53128.000000	58720.000000	1.000000	1.000000	0	189.790364	-34.271839
584.567128	2244.538704	48901.000000	54049.000000	1.000000	1.000000	0	191.067613	-32.405350
134.800342	2353.842473	48721.000000	53850.000000	1.000000	1.000000	0	190.447186	-34.928257
1095.681646	2279.221223	82741.000000	91451.000000	1.000000	1.000000	0	192.721473	-29.845308
116.239215	2384.598346	74083.000000	81882.000000	1.000000	1.000000	0	190.586266	-35.094982
715.989821	2271.477008	94042.000000	103941.000000	1.000000	1.000000	0	191.609008	-31.799314
566.595985	2537.689821	68064.000000	75229.000000	1.000000	1.000000	0	192.844429	-33.204716
130.012437	2768.834900	86561.000000	95672.000000	1.000000	1.000000	0	193.067859	-35.935905
293.942779	2809.506283	58253.000000	64385.000000	1.000000	1.000000	0	193.795733	-35.212315
1002.526743	2337.468959	79236.000000	87576.000000	1.000000	1.000000	0	192.820821	-30.473747
500.987867	2550.460405	41430.000000	45791.000000	1.000000	1.000000	0	192.738937	-33.569004
1542.079166	2270.392330	52883.000000	58450.000000	1.000000	1.000000	0	193.884578	-27.458275
1186.567579	2413.179578	41088.000000	45413.000000	1.000000	1.000000	0	193.793189	-29.686882
1448.085955	2299.902263	81306.000000	89864.000000	1.000000	1.000000	0	193.810605	-28.030167
862.399619	2386.578700	42670.000000	47161.000000	1.000000	1.000000	0	192.733581	-31.321838
489.164745	2738.713673	39275.000000	43409.000000	1.000000	1.000000	0	193.895490	-34.065739
560.273789	2571.837809	41050.000000	45372.000000	1.000000	1.000000	0	193.041239	-33.317314
829.677770	2441.070719	55020.000000	60812.000000	1.000000	1.000000	0	192.980133	-31.621771
56.460598	2734.131004	43025.000000	47554.000000	1.000000	1.000000	0	192.633677	-36.218533
437.914824	2600.351019	83892.000000	92723.000000	1.000000	1.000000	0	192.874537	-34.006073
646.375474	2503.249870	46059.000000	50908.000000	1.000000	1.000000	0	192.853641	-32.715019
1504.217936	2230.459189	47089.000000	52046.000000	1.000000	1.000000	0	193.541390	-27.565018
152.544564	2816.315527	47920.000000	52965.000000	1.000000	1.000000	0	193.436980	-35.932232
758.734077	2464.721211	57032.000000	63036.000000	1.000000	1.000000	0	192.928781	-32.045193
972.694698	2646.675680	71998.000000	79577.000000	1.000000	1.000000	0	194.655343	-31.356533
559.215369	2455.659486	40079.000000	44298.000000	1.000000	1.000000	0	192.309177	-33.047535
1238.378227	2233.390280	69330.000000	76628.000000	1.000000	1.000000	0	192.835278	-28.983208
882.772050	2285.472256	49581.000000	54801.000000	1.000000	1.000000	0	192.166235	-30.972029
988.359501	2377.817068	66210.000000	73179.000000	1.000000	1.000000	0	193.030165	-30.644545
212.589618	2983.988435	82817.000000	91535.000000	1.000000	1.000000	0	194.686196	-36.006062
1550.947454	2273.995250	44845.000000	49566.000000	1.000000	1.000000	0	193.930133	-27.419453
384.665833	2740.069961	66149.000000	73112.000000	1.000000	1.000000	0	193.609597	-34.598316
311.515857	2560.725759	47568.000000	52576.000000	1.000000	1.000000	0	192.263178	-34.549320
867.426831	2356.845180	46102.000000	50955.000000	1.000000	1.000000	0	192.563665	-31.224323
1185.819177	2194.305249	85059.000000	94013.000000	1.000000	1.000000	0	192.452472	-29.165472
762.211343	2446.558334	46528.000000	51426.000000	1.000000	1.000000	0	192.825414	-31.984032
586.747040	2444.077674	40376.000000	44626.000000	1.000000	1.000000	0	192.314897	-32.879360
549.183210	2559.935609	90975.000000	100551.000000	1.000000	1.000000	0	192.935037	-33.345951
1260.115606	2433.575746	74152.000000	81957.000000	1.000000	1.000000	0	194.118426	-29.345800
1093.980947	2369.436380	63171.000000	69821.000000	1.000000	1.000000	0	193.270457	-30.070839
